[logo.JPG]
filters=crop64=1,4c8b268c;
crop=rect64(4c8b268c)
moddate=8079fc9dfb45ce01
width=1000
height=943
text=2;160;24;National&#010;College&#010;Ireland;Baskerville Old Face;0.164265,0.015428,0.033019,0.000000;v1,4294967295,4294967295,128.000000,1.000000,0.500000,1.000000,400,2,49152;;137;2;of;Baskerville Old Face;0.263964,0.057019,0.019028,6.283185;v1,4294967295,4294967295,128.000000,1.000000,0.500000,1.000000,400,2,49152;;
textactive=1
